0 0.5222222222222224 0.6484375 0.11666666666666682 0.6484375 0.11666666666666682 0.759375 0.5222222222222224 0.759375
0 0.7916666666666666 0.15468750000000003 0.5 0.15468750000000003 0.5 0.22343750000000004 0.7916666666666666 0.2234375000000001
0 0.875 0.5265625 0.5055555555555558 0.5265625 0.5055555555555558 0.6171875 0.875 0.6171875
0 0.4888888888888889 0.16406250000000003 0.20833333333333334 0.1640625 0.20833333333333337 0.215625 0.4888888888888889 0.215625
0 0.4944444444444446 0.5390625 0.15555555555555567 0.5390625 0.15555555555555567 0.6140625 0.4944444444444446 0.6140625
0 0.7944444444444444 0.24375000000000005 0.5055555555555555 0.24375 0.5055555555555555 0.30156250000000007 0.7944444444444444 0.30156250000000007
0 0.8361111111111111 0.425 0.5166666666666668 0.425 0.5166666666666668 0.49375 0.8361111111111111 0.49375
0 0.4888888888888889 0.24375 0.20000000000000007 0.24375 0.20000000000000007 0.3015625 0.4888888888888889 0.3015625
0 0.8944444444444446 0.6546875 0.5305555555555557 0.6546875 0.5305555555555557 0.7453125 0.8944444444444447 0.7453125
0 0.488888888888889 0.334375 0.1833333333333334 0.334375 0.1833333333333334 0.3953125 0.48888888888888904 0.3953125
0 0.4916666666666668 0.43125 0.1722222222222223 0.43125 0.17222222222222233 0.496875 0.4916666666666668 0.496875
0 0.8138888888888889 0.32656250000000003 0.5083333333333333 0.3265625 0.5083333333333334 0.38906250000000003 0.8138888888888889 0.3890625000000001
0 0.502777777777778 0.8 0.11666666666666682 0.8 0.11666666666666685 0.8515625 0.502777777777778 0.8515625
0 0.916666666666667 0.7953125 0.5416666666666669 0.7953125 0.5416666666666669 0.84375 0.916666666666667 0.84375
0 0.7638888888888888 0.11406250000000002 0.2222222222222222 0.1140625 0.2222222222222222 0.13906250000000003 0.7638888888888888 0.13906250000000003
0 0.3611111111111111 0.11562500000000002 0.21944444444444444 0.115625 0.21944444444444444 0.1375 0.3611111111111111 0.13750000000000004