0 0.4833333333333334 0.328125 0.055555555555555636 0.328125 0.055555555555555636 0.390625 0.4833333333333335 0.390625
0 0.48333333333333334 0.259375 0.1055555555555556 0.259375 0.10555555555555561 0.3046875 0.48333333333333334 0.3046875
0 0.9361111111111111 0.32500000000000007 0.4861111111111111 0.325 0.4861111111111112 0.38906250000000003 0.9361111111111111 0.3890625000000001
0 0.4555555555555557 0.425 0.008333333333333427 0.425 0.008333333333333434 0.5 0.4555555555555557 0.5
0 0.8916666666666667 0.25312500000000004 0.5083333333333333 0.253125 0.5083333333333333 0.30156250000000007 0.8916666666666667 0.30156250000000007
0 1 0.4171875 0.46666666666666684 0.4171875 0.46666666666666684 0.4984375 1 0.4984375
0 0.5111111111111111 0.2015625 0.14722222222222225 0.2015625 0.14722222222222225 0.2390625 0.5111111111111111 0.2390625
0 0.8416666666666667 0.20000000000000004 0.475 0.2 0.475 0.23906250000000004 0.8416666666666667 0.2390625000000001
0 0.4722222222222224 0.553125 1.204236019161564e-16 0.553125 1.321598004079852e-16 0.6609375 0.4722222222222224 0.6609375
0 0.9972222222222222 0.55 0.4972222222222224 0.55 0.4972222222222224 0.65625 0.9972222222222222 0.65625
0 0.4694444444444446 0.7359375 0.005555555555555716 0.7359375 0.005555555555555735 0.9125 0.4694444444444446 0.9125
0 0.9972222222222226 0.728125 0.5111111111111113 0.728125 0.5111111111111113 0.90625 0.9972222222222226 0.90625
0 0.9222222222222223 0.2671875 0.0694444444444445 0.2671875 0.06944444444444452 0.33281250000000007 0.9222222222222223 0.33281250000000007