0 0.525 0.2421875 0.04722222222222228 0.2421875 0.04722222222222229 0.3203125 0.525 0.3203125
0 0.9833333333333333 0.24687500000000004 0.5166666666666667 0.246875 0.5166666666666667 0.3140625 0.9833333333333333 0.3140625000000001
0 0.48055555555555557 0.17031250000000003 0.11944444444444448 0.1703125 0.11944444444444448 0.21875 0.48055555555555557 0.21875
0 0.4972222222222223 0.35 0.002777777777777854 0.35 0.002777777777777863 0.43125 0.4972222222222224 0.43125
0 0.9277777777777778 0.16718750000000004 0.5444444444444444 0.16718750000000004 0.5444444444444444 0.21718750000000003 0.9277777777777778 0.2171875000000001
0 0.8944444444444445 0.09843750000000005 0.5583333333333333 0.09843750000000004 0.5583333333333333 0.15000000000000005 0.8944444444444445 0.15000000000000005
0 1 0.34375000000000006 0.5111111111111111 0.34375 0.5111111111111112 0.434375 1 0.434375
0 0.44722222222222224 0.10781250000000002 0.15833333333333338 0.1078125 0.15833333333333338 0.14843750000000003 0.44722222222222224 0.14843750000000006
0 0.4944444444444446 0.4875 0.0027777777777778837 0.4875 0.0027777777777778945 0.5828125 0.4944444444444446 0.5828125
0 0.9972222222222222 0.484375 0.5305555555555557 0.484375 0.5305555555555557 0.5859375 0.9972222222222222 0.5859375
0 0.4944444444444446 0.6640625 0.0055555555555557015 0.6640625 0.005555555555555718 0.825 0.4944444444444446 0.825
0 0.5083333333333335 0.9390625 0.016666666666666868 0.9390625 0.016666666666666878 1 0.5083333333333335 1
0 0.9972222222222223 0.6625 0.5333333333333334 0.6625 0.5333333333333334 0.8265625 0.9972222222222226 0.8265625
0 0.8666666666666667 0.04687500000000004 0.5388888888888889 0.046875000000000035 0.5388888888888889 0.08750000000000005 0.8666666666666667 0.08750000000000006
0 0.9444444444444444 0.07656250000000003 0.11388888888888889 0.0765625 0.11388888888888891 0.20468750000000005 0.9444444444444444 0.20468750000000008
0 0.8833333333333333 0.07500000000000005 0.5527777777777778 0.07500000000000004 0.5527777777777778 0.11093750000000005 0.8833333333333333 0.11093750000000005
0 0.925 0.13437500000000005 0.5555555555555556 0.13437500000000005 0.5555555555555556 0.17187500000000006 0.925 0.17187500000000006
0 0.9722222222222222 0.17500000000000004 0.07777777777777782 0.175 0.07777777777777782 0.25468750000000007 0.9722222222222222 0.25468750000000007
0 0.9555555555555558 0.9421875 0.48055555555555574 0.9421875 0.48055555555555574 1 0.9555555555555558 1