0 0.7944444444444444 0.15625000000000006 0.5027777777777778 0.15625000000000006 0.5027777777777778 0.22500000000000003 0.7944444444444444 0.2250000000000001
0 0.4861111111111111 0.16250000000000003 0.20555555555555555 0.1625 0.2055555555555556 0.2171875 0.4861111111111111 0.2171875
0 0.8 0.24218750000000006 0.5083333333333333 0.2421875 0.5083333333333333 0.30000000000000004 0.8 0.3000000000000001
0 0.4888888888888889 0.2421875 0.1972222222222223 0.2421875 0.1972222222222223 0.3015625 0.4888888888888889 0.3015625
0 0.8194444444444444 0.32812500000000006 0.5111111111111111 0.328125 0.5111111111111112 0.39375000000000004 0.8194444444444444 0.3937500000000001
0 0.4972222222222223 0.33125 0.18888888888888897 0.33125 0.18888888888888897 0.3953125 0.4972222222222224 0.3953125
0 0.8916666666666668 0.653125 0.5250000000000001 0.653125 0.5250000000000001 0.746875 0.8916666666666669 0.746875
0 0.5000000000000001 0.6609375 0.1333333333333335 0.6609375 0.1333333333333335 0.7515625 0.5000000000000001 0.7515625
0 0.8388888888888889 0.428125 0.5166666666666668 0.428125 0.5166666666666668 0.4984375 0.8388888888888889 0.4984375
0 0.8666666666666667 0.534375 0.5194444444444446 0.534375 0.5194444444444446 0.6125 0.8666666666666667 0.6125
0 0.4972222222222224 0.540625 0.1527777777777779 0.540625 0.1527777777777779 0.615625 0.4972222222222224 0.615625
0 0.4972222222222224 0.43125 0.16944444444444454 0.43125 0.16944444444444454 0.503125 0.4972222222222224 0.503125
0 0.5000000000000001 0.8 0.11666666666666682 0.8 0.11666666666666685 0.8515625 0.5000000000000001 0.8515625
0 0.916666666666667 0.79375 0.5333333333333334 0.79375 0.5333333333333334 0.8421875 0.916666666666667 0.8421875
0 0.7666666666666667 0.11093750000000002 0.21666666666666667 0.1109375 0.21666666666666667 0.1375 0.7666666666666667 0.13750000000000004